46669
54117
25659
18867
94354
28985
42358
59950
97799
52935
59303
85106
50792
13407
67886
16895
30061
52760
58542
90229
13000
75051
95703
71514
38533
96889
50570
22045
57193
14748
10514
29334
88964
48941
70592
93664
96355
81294
48811
45071
92092
84197
97582
87792
54977
99783
69620
13987
99852
91433
78088
72987
42868
68892
34108
43478
19787
94776
79484
51651
24205
44859
20200
87459
56046
91769
67206
12181
60868
38752
99845
41505
60128
29568
22811
58897
72379
37663
79732
73155
81753
51621
93416
47921
80800
96164
11851
23151
38856
68276
98955
54728
29338
62950
65523
37775
44035
88679
51799
88184
91162
93338
88930
86160
11460
25918
72148
92158
93731
87043
33307
28611
13314
65566
20245
37773
78163
63537
64165
80838
51282
25277
59407
67162
29618
38169
74644
15925
64235
14313
65574
94576
28941
56933
90283
15912
37371
42928
20043
79060
95841
90503
34098
59349
52463
44382
86377
77346
32396
89974
56849
62875
56067
92962
62901
25886
21697
38147
14550
13342
70611
20481
28904
26634
52203
66212
90182
20740
66065
61202
26862
58796
78079
81851
71297
92854
80295
63299
15813
16650
53617
26984
18903
45338
78888
45642
33541
48364
45753
38974
74367
30987
69198
79165
36565
93880
58577
88572
23891
57919
68618
69689
63792
42378
30886
68874
47080
17364
26523
91160
82072
85218
21179
83540
62790
99201
24655
15468
69939
26652
72139
38765
37220
46720
23324
28463
74495
81338
48576
57908
96483
12243
18922
96066
32506
63137
80079
78238
29990
63341
53097
77250
18752
84225
23056
72203
12182
54287
78417
79546
97938
28464
43864
25327
76917
88304
16599
90372
78721
61712
40506
80458
50334
10066
33077
27603
51307
18791
90086
61487
80381
30353
46686
67471
22404
73240
38824
52873
89294
55505
21363
54456
26147
51044
27948
28048
52852
33020
66414
29109
10430
53057
99531
77723
87307
81886
97967
24057
23205
18662
89627
70743
27182
75446
88535
83093
67214
79553
61690
76228
50955
93037
24196
59691
35278
61597
56941
20120
87535
41203
16392
72594
95236
59675
68845
78485
44280
98434
86408
49172
33704
57434
72242
55017
57538
66108
22194
74204
75528
55070
12362
80880
92437
62756
61713
65166
66265
59605
95292
53322
92343
57881
25694
50803
12557
30235
60145
69385
67591
75778
32402
85763
77826
54653
43427
87693
42560
56662
34358
72062
87457
79098
96786
12893
72153
79455
94850
73433
18596
82630
33604
15222
61085
36243
61417
97586
38303
46927
97158
47223
71928
48850
63968
74998
12237
15340
28588
27774
87417
68167
82772
16746
49969
68165
87687
31995
51948
92704
44851
81688
92752
87448
14258
97152
16893
49941
92908
30101
83485
70442
90285
55498
38791
51701
30330
59586
69360
96194
26813
16730
20452
88869
36471
48094
53210
25883
67454
28364
29596
39653
78247
68869
37243
78248
86264
42101
81992
65269
79512
23050
71745
12275
72704
40391
93996
60235
23986
31562
76700
95646
19567
91012
29318
25010
35563
54704
49819
33230
79086
51170
66485
18849
64392
95125
57789
59448
47257
15786
61948
86728
99498
52830
70990
67116
63821
27729
61964
36375
25299
86368
86423
73061
98588
13938
99826
37553
64667
93565
42768
42731
20204
71882
93933
32525
89842
31297
27264
93838
60747
13328
40592
91398
11574
96548
34268
86325
63884
30812
69993
22994
36141
17881
87053
85897
64282
83859
37811
30617
12124
25279
50876
93773
11066
75494
10852
75214
17183
40332
29117
30888
73512
78708
13367
92813
51110
25552
31096
83451
22497
42453
91372
91733
71459
45515
25529
21597
43122
63641
77303
37944
11386
77018
82992
51119
73221
18732
42279
89508
27791
28523
27555
29648
13577
56947
36475
38270
84688
19271
23825
95718
91764
27386
18677
67612
11810
87498
74359
35714
86955
28543
21253
81283
54208
87550
88194
68969
94869
18066
31310
57043
55440
88510
69221
45336
39240
86973
78101
24917
30454
95917
96914
77197
67382
73864
68112
34762
53167
58539
67660
89709
87156
98670
12340
51671
47948
69823
35233
52807
94057
63741
82004
93513
75084
10372
89866
24553
20556
46412
78846
98088
31170
94801
51058
70594
35346
78257
73406
68359
41213
45250
43279
69199
53725
69398
11742
65219
31780
46113
30112
37748
12596
22346
43346
89142
14544
31577
55937
41189
25078
59330
84733
82488
82948
16789
53671
70549
97581
91708
64783
89911
74663
70646
23944
30697
27561
52655
90627
27641
14184
42968
72204
77368
17048
20782
64749
41007
11880
44202
97301
61077
38804
13897
14508
61383
16885
37225
64685
31682
63631
45781
24092
31728
45777
51779
33859
53484
61319
36093
40584
56381
22662
24641
88324
78924
74820
77398
99595
65832
89471
90188
97763
98824
14418
39862
55906
86059
20742
88269
17962
32602
95412
83267
36825
89562
16860
53577
46665
71813
35210
33400
96069
46322
95285
95767
15236
27778
16170
57870
80794
84281
91022
55848
13825
91230
54860
66596
61216
50012
36465
87188
73588
94757
28170
24891
91787
63785
14566
55392
39790
40079
33827
79864
82775
67159
53001
52173
28322
84518
76693
49225
22449
80658
43255
59058
44951
71201
55944
33202
86699
88453
77034
85850
41409
36649
88428
59610
48137
86400
28104
43317
85510
99532
70359
42034
80957
43032
33582
58215
19221
91307
64821
89517
53579
82987
94727
19906
80106
28240
29670
39700
47283
39801
25980
21945
78407
85640
51978
11601
83651
95958
77749
13537
88065
38210
40101
32397
96618
42989
72932
18771
58557
92319
38295
10485
31358
38846
72221
66323
57089
88674
75813
22055
69047
73862
83222
76393
76522
71666
63583
19328
39355
85096
42056
92747
84937
17024
56871
97790
22993
68482
79976
90940
65919
62007
13415
26893
44653
33612
46478
70970
60481
15301
17212
80899
67495
18319
34445
39486
36028
92208
88362
53764
85604
96035
29561
74152
49507
87695
18100
21313
62234
25025
60890
11565
84299
34861
21353
99978
46529
13104
68752
26478
87668
49777
86763
73023
72004
88141
33130
82472
64754
57842
93088
45727
53996
49245
85299
56446
92445
67790
16758
66664
32710
75707
65814
58220
16612
24698
23184
91238
11843
86625
41307
26670
64855
63544
56574
79163
99311
17640
66865
31429
85562
93263
81248
91852
58324
63446
96407
46436
12385
91195
88835
21315
24216
37075
46375
68824
24882
60941
61864
41858
83877
26722
52455
22568
93290
76933
61124
32025
26293
46658
12043
47464
56275
57840
60040
10256
49049
37768
