36559
62675
15179
82784
78485
76228
34206
58682
24655
64167
53728
71005
91433
14222
61779
63137
23324
28081
49063
61487
11872
16072
59610
95236
15786
17973
62950
76693
91433
85022
38767
47840
45642
39483
24655
22449
69515
74800
85577
85562
82630
76933
13139
86408
27338
29891
61216
77826
96463
60831
46665
42777
69997
46927
66123
18458
42868
47041
42868
87993
29529
90283
73827
73406
83755
22449
27695
17936
83249
22334
94472
61216
24655
78485
63720
73583
79339
41578
61216
46563
43279
51888
86408
59610
23324
73406
98656
90283
89669
82552
32695
30695
75446
59047
19589
59752
55601
53778
86633
62950
78485
54646
17554
77826
56897
45594
91433
37114
49360
44224
76228
70786
61216
40058
63137
33408
30754
76662
11339
23324
29108
59610
75468
32283
22449
77435
65347
76228
87695
31523
70278
46927
76693
75648
20996
76693
11483
61216
15456
50351
86342
22449
55194
27339
49245
59610
39994
51349
82630
40626
67629
86860
34945
49059
46892
77783
96304
17270
90283
70663
68152
21488
58215
39518
30752
78485
98936
15786
65617
45164
99261
40132
70988
93597
91433
65509
27424
44867
58215
76933
23324
16067
22496
10448
63137
41937
24655
44977
86408
87966
95952
24768
61027
23324
49245
23324
22449
11153
35210
56916
29125
24742
67434
91433
85562
73316
76228
50012
95236
12505
63137
88792
45280
22449
75446
76966
91601
59236
40216
51063
22449
15786
73406
15786
12724
22865
12866
47719
67579
85562
75446
46927
30274
50932
57089
18017
34565
57507
85562
77826
89535
67346
22230
91433
22728
44957
95236
57853
76693
61111
90283
91433
61216
45949
18588
61216
91970
38723
47963
73406
20355
13289
49245
99664
90921
87695
62936
49524
98799
76228
77826
75446
63367
50064
67635
47665
85562
78957
79544
36605
73406
90283
51518
98236
22449
76228
87695
76933
51084
75446
72012
63137
27252
76933
24655
50012
90283
64661
63137
76693
25871
50012
88872
50012
38500
69995
88991
33819
50012
98865
95236
19499
49526
67094
90283
23324
37523
97355
87032
63891
87787
75446
76693
65584
90283
33285
62583
19636
22449
15344
41932
72228
16591
75193
97837
35681
32467
41085
56270
13932
69548
46460
86408
37768
33991
15786
57948
81427
61216
61216
77826
43673
79166
62933
76228
63137
59610
54371
95236
57891
72023
79371
58215
52717
73406
78923
99999
98907
15149
87084
25270
46927
63137
90634
22959
13986
28046
11290
58215
78485
14849
74035
23906
10054
39396
61216
13532
78485
28915
24655
16050
10274
59834
51096
16089
68204
86420
27427
76693
20436
87695
41792
76228
28891
73914
73403
57812
73961
23324
48766
24655
42868
13555
95236
58215
72107
95236
75629
19453
95236
24655
23539
77826
84708
59334
61909
16800
66338
94571
60469
61216
62950
85562
11994
58215
55787
16997
91433
18200
42554
98641
10213
61575
91234
24655
22449
77493
73406
88490
68216
32372
22311
57374
37266
81448
71232
45642
61893
68049
70208
23324
93539
15559
11836
51368
76228
40935
61216
14268
18475
81497
62950
24655
54268
27894
86408
86384
91433
42868
58933
59808
35210
70735
15019
73107
77826
32077
88334
59610
55921
71213
88241
25835
21656
95236
68730
62007
82405
29866
76693
30794
28231
73406
84373
64081
45009
75446
64694
78485
22449
95236
20009
90283
35894
49890
39672
15842
23567
24655
85977
24655
23324
12341
11252
31676
82810
70856
65639
82075
61216
76933
75446
73504
22449
22449
75446
55952
91433
20899
45919
32221
26250
76228
97383
47725
95236
38747
76754
49245
76693
53487
61487
79153
95236
81102
73394
82630
64171
61216
58215
77826
79070
96114
77798
23324
34798
46927
73730
80194
95308
12881
54618
98443
76693
87505
71142
28274
76693
22945
51459
51788
42182
55015
76693
44178
75376
45642
56252
70950
86408
57179
73406
83349
37110
76693
49473
80272
64411
15786
78434
89060
61216
64444
23324
51320
61853
71772
38491
84950
89580
78485
50552
31174
88832
77826
15786
36945
32505
41818
35248
49245
84396
44671
87514
18060
76228
73406
24655
26388
59610
66606
60231
35371
88851
46927
79589
15786
22449
24491
76693
92173
52961
13445
50037
50338
23324
21744
46927
55805
42131
18812
15786
76497
37768
73406
58877
38597
90283
76693
60472
58428
98357
53539
78485
38869
55185
87695
35667
73406
94542
16627
73406
58215
91433
27376
50516
54013
61216
37768
46097
76228
60061
31181
93934
95236
68084
38964
35708
91433
17857
30261
35970
89985
18407
78485
26752
97776
24368
23407
74465
77826
48877
37578
53091
29289
52081
35992
95236
10368
24466
65388
76228
22113
60657
29358
78827
49899
48789
77905
54295
38614
22449
59610
95236
61487
60846
63137
49245
11285
76593
71720
77826
20513
73406
78485
29127
97241
91433
86920
49245
59994
70431
24655
43279
72596
96790
76574
67270
15445
76693
65213
39179
91433
86269
76933
49357
30140
63137
63137
57089
26553
49245
49245
87028
73406
53306
64519
76693
83257
75446
21801
20402
60768
38174
76693
43279
90752
90283
67787
80845
34045
78485
43279
10612
37768
58727
76933
33044
27243
44682
75446
49373
22449
73490
49402
28356
42868
83266
66983
85814
58838
76228
88724
11112
93089
66639
90283
90487
46927
59610
67445
78485
15786
88131
68660
95236
40382
94486
36076
77826
76693
63137
18009
91433
51659
91433
43532
71843
23324
87695
78485
76933
96028
71497
78485
45318
50012
76575
31125
95956
23336
84975
52971
98657
36035
75288
16256
19324
43609
34539
86408
79573
94964
63913
76228
75446
22449
76933
60456
50047
15508
60704
96120
15909
67849
80920
69689
76228
12283
28164
77826
76933
31488
13579
47182
82132
90283
46927
68190
55096
85107
52882
63137
49245
59610
24655
95236
99036
42868
80135
95236
59360
37414
75446
21742
14479
58215
42282
44519
46483
90245
48959
74027
95893
30742
61216
46274
76693
15786
73406
12938
49466
74332
33629
76228
90283
73528
66897
22449
25219
88910
76933
43279
25060
75446
45052
51554
23926
82630
22449
80502
62007
72374
93735
19768
46046
19540
63137
82605
75139
26579
89655
80610
49245
95623
87669
76228
16590
73406
15786
91433
85562
77826
69594
63137
83733
24108
67158
95420
85562
91397
37768
49245
76716
45189
47062
52943
36264
87488
57089
26581
25257
32326
77826
97211
50012
49245
88237
44857
75157
64400
97465
61487
85343
55804
74046
83623
73008
76228
67436
77826
78485
52527
24655
41945
33284
82705
95591
90283
43279
